8473673728
6189852036
6189859500
7735821600
8157230938
2172451618
8155431476
8153384455
2053307822
3096680111
6186551188
8473754777
6307733330
6302365625
7732906249
7732713765
3167212599
6305108566
8475781280
2178332046
3126548585
3126215828
7732765554
8475779515
7735614255
3093422001
6306910956
6183550755
6305511900
2173593131
8155843037
8477245800
8478707070
8775008595
6303776777
7607711354
8473627300
7737928163
6303232020
3124648830
6184514833
8474820785
3234665151
7088485461
2174832442
6303771855
6303500375
8472291096
8478381440
6302790504
3097573580
8157348807
5097558000
3093478150
8472513064
8472667625
7736370100
7084797144
8152467526
8473255995
3122143998
7732812916
7345627365
8474903691
8153996600
6306516508
2178934673
7085474067
7736282500
3126443559
8156245029
8473928960
7733844561
7145620880
6186547204
6186921371
2082326257
2814913110
8474488051
6187822895
7739354466
3098333460
7737751855
6189426902
8474261244
3128329985
8153977700
3127872131
2173523505
7739356642
6306630738
6305139807
3099451221
2175299484
6303507607
3127199168
8479470099
7086369700
8157263279
8152867300
3126426000
6307820044
3124930601
8477297333
8006218738
2174988692
8479342066
3207492223
7732355426
3126442662
3094732013
8155195566
8475872991
3098298775
7738681552
8478545701
9736766730
6303655849
8156524403
2173520085
